Reacoes de apoio [N]
[[3900.00000513]
 [2900.99999387]
 [1612.99999319]]

Deslocamentos [m]
[[ 0.        ]
 [ 0.        ]
 [ 0.97027523]
 [-4.1638409 ]
 [ 0.34742857]
 [-4.50318373]
 [ 0.25083338]
 [-4.28701041]
 [ 0.53942857]
 [-4.47851898]
 [-0.31315004]
 [-4.10208593]
 [ 1.12457142]
 [ 0.        ]]

Deformacoes []
[[-0.00617581]
 [-0.00433904]
 [-0.00364692]
 [-0.00340734]
 [-0.00072969]
 [ 0.00072969]
 [ 0.0018457 ]
 [-0.0018457 ]
 [ 0.00180952]
 [ 0.001     ]
 [ 0.00304762]]

Forcas internas [N]
[[-6484.59712103]
 [-4555.98849128]
 [-3829.26639874]
 [-3577.70874877]
 [ -766.17964074]
 [  766.17963881]
 [ 1937.98380701]
 [-1937.98380653]
 [ 1899.9999826 ]
 [ 1049.99998791]
 [ 3199.99998524]]

Tensoes internas [Pa]
[[-1.23516136e+09]
 [-8.67807332e+08]
 [-7.29384076e+08]
 [-6.81468333e+08]
 [-1.45938979e+08]
 [ 1.45938979e+08]
 [ 3.69139773e+08]
 [-3.69139773e+08]
 [ 3.61904759e+08]
 [ 1.99999998e+08]
 [ 6.09523807e+08]]